         0   29.6387   46.0039   80.1556   32.4030   62.1134   24.5296   79.3626    8.8242   61.7885   89.7552   89.7607   11.3467   46.7670   15.1919   26.2860   15.3675   48.9016   62.2242   44.8819
   29.6387         0   64.1709   94.9127   92.7052   64.6950    5.9466   41.1688   56.7266   91.9008   44.3997   36.9756   98.6279   60.9723   42.6177   81.4509   77.8077   98.9243   74.8973   27.7631
   46.0039   64.1709         0   32.6940   15.5374    9.4843   58.5152   48.3865   49.0787   90.7469   38.4248   94.0279   54.2491   51.7255   98.5561   97.1118   11.1819   36.9817   55.0625   64.5508
   80.1556   94.9127   32.6940         0   76.2150   23.3699   43.5865   53.2883   73.6672   54.8060   26.8049   24.9721   76.7962   94.0203   13.7417   56.6778   76.6431   58.8963   56.8573   71.6639
   32.4030   92.7052   15.5374   76.2150         0   34.6017   51.3946    4.6538   88.0384   60.1795   74.9448   82.4306   79.2984   81.8880   44.6192   76.5328   60.1535   38.2722   66.9685   78.5289
   62.1134   64.6950    9.4843   23.3699   34.6017         0   30.9418   70.0815   98.9105   20.9211   88.9166   73.1303   24.5588   21.8590   68.0377   38.2544   26.2797   94.8965   25.3290   23.3632
   24.5296    5.9466   58.5152   43.5865   51.3946   30.9418         0   22.0654   70.1870    0.9845   87.5541    1.6338   31.6716   28.9432   96.3042    0.3827   53.2547   91.2849   75.9358   15.2572
   79.3626   41.1688   48.3865   53.2883    4.6538   70.0815   22.0654         0   23.6347   97.1679   95.7495   70.8779   72.1638   14.6680   11.7173   26.0944   20.5652   84.3898   27.8565   19.6083
    8.8242   56.7266   49.0787   73.6672   88.0384   98.9105   70.1870   23.6347         0    6.7563   48.3653   32.9107   13.7095    2.7452   26.3393   83.6225   90.3658    0.8957   35.6308   40.6055
   61.7885   91.9008   90.7469   54.8060   60.1795   20.9211    0.9845   97.1679    6.7563         0   87.7924   18.1067   31.5070   92.1556   79.3308    7.6351   10.6053   21.1485   57.0171   48.4272
   89.7552   44.3997   38.4248   26.8049   74.9448   88.9166   87.5541   95.7495   48.3653   87.7924         0   23.3642   78.4451   64.9565   45.9281    7.2789   63.9847   62.1556   53.0861   98.3957
   89.7607   36.9756   94.0279   24.9721   82.4306   73.1303    1.6338   70.8779   32.9107   18.1067   23.3642         0   85.7479   55.7786   46.1514   33.9960   75.2929   62.6345   85.4143   52.0946
   11.3467   98.6279   54.2491   76.7962   79.2984   24.5588   31.6716   72.1638   13.7095   31.5070   78.4451   85.7479         0   10.1330   20.0291   36.4062    3.6171   27.6217   35.9713   99.1627
   46.7670   60.9723   51.7255   94.0203   81.8880   21.8590   28.9432   14.6680    2.7452   92.1556   64.9565   55.7786   10.1330         0   50.5216   58.5750   16.7344   76.5880   14.7097   16.3879
   15.1919   42.6177   98.5561   13.7417   44.6192   68.0377   96.3042   11.7173   26.3393   79.3308   45.9281   46.1514   20.0291   50.5216         0   60.6717   56.6404   56.4826   61.6312   10.1267
   26.2860   81.4509   97.1118   56.6778   76.5328   38.2544    0.3827   26.0944   83.6225    7.6351    7.2789   33.9960   36.4062   58.5750   60.6717         0   13.7613   11.8487   69.6190   26.8519
   15.3675   77.8077   11.1819   76.6431   60.1535   26.2797   53.2547   20.5652   90.3658   10.6053   63.9847   75.2929    3.6171   16.7344   56.6404   13.7613         0   98.9036   51.5740   75.5220
   48.9016   98.9243   36.9817   58.8963   38.2722   94.8965   91.2849   84.3898    0.8957   21.1485   62.1556   62.6345   27.6217   76.5880   56.4826   11.8487   98.9036         0   98.3771   72.7906
   62.2242   74.8973   55.0625   56.8573   66.9685   25.3290   75.9358   27.8565   35.6308   57.0171   53.0861   85.4143   35.9713   14.7097   61.6312   69.6190   51.5740   98.3771         0   74.1673
   44.8819   27.7631   64.5508   71.6639   78.5289   23.3632   15.2572   19.6083   40.6055   74.1673   48.4272   98.3957   52.0946   99.1627   16.3879   10.1267   26.8519   75.5220   72.7906         0